4
0 10 10
1 1 1 1 1 1 1 0 0 0
0 0 0 0 0 1 1 1 1 0
1 1 1 0 0 1 1 0 1 0
1 1 1 1 1 1 0 1 1 0
1 1 1 1 0 1 0 0 0 0
1 0 0 1 1 1 1 1 1 1
0 1 1 0 1 1 1 0 0 1
1 0 0 0 1 1 1 0 0 1
1 1 1 1 1 1 1 1 1 1
1 1 1 1 1 1 1 1 1 1
1 10 10
0 0 0 0 0 0 0 1 1 1
1 1 1 1 1 0 0 0 0 1
0 0 0 1 1 0 0 1 0 1
0 0 0 0 0 0 1 0 0 1
0 0 0 0 1 0 1 1 1 1
0 1 1 0 0 0 0 0 0 0
1 0 0 1 0 0 0 1 1 0
0 1 1 1 0 0 0 1 1 0
0 0 0 0 0 0 0 0 0 0
0 0 0 0 0 0 0 0 0 0
5 10 10
7 7 7 7 7 7 7 8 8 8
8 8 8 8 8 7 7 7 7 8
7 7 7 8 8 7 7 8 7 8
7 7 7 7 7 7 8 7 7 8
7 7 7 8 8 7 8 8 8 8
7 8 8 7 7 7 7 7 7 7
8 7 7 8 8 8 8 8 8 7
7 8 8 8 8 8 8 8 8 7
7 7 7 7 7 7 7 7 7 7
7 7 7 7 7 7 7 7 7 7
7 10 10
8 8 8 8 8 8 8 7 7 7
7 7 7 7 7 8 8 8 8 7
8 8 8 7 7 8 8 7 8 7
8 8 8 8 8 8 7 8 8 7
8 8 8 7 7 8 7 7 7 7
8 7 7 8 8 8 8 8 8 8
7 8 8 7 7 7 7 7 7 8
8 7 7 7 7 7 7 7 7 8
8 8 8 8 8 8 8 8 8 8
8 8 8 8 8 8 8 8 8 8
