1000
45
71
73
95
38
13
16
13
40
27
8
34
11
85
93
39
53
51
1
63
56
43
16
12
34
50
22
1
22
83
4
7
51
41
68
48
1
86
4
7
73
21
34
28
29
62
98
10
14
2
65
74
93
68
45
81
10
68
37
97
74
44
8
43
8
24
66
95
59
85
49
27
39
50
28
50
76
14
50
12
49
93
54
82
95
47
3
94
75
2
11
30
62
17
29
32
83
64
44
64
67
6
98
28
31
29
13
19
86
59
91
22
24
19
64
48
62
97
66
32
11
73
94
73
35
60
19
76
4
82
67
36
45
40
21
87
77
50
9
61
37
90
80
98
28
72
21
42
29
74
3
73
70
14
55
99
49
47
80
51
62
8
65
44
68
30
96
66
68
71
62
39
13
62
79
16
57
75
13
29
73
77
23
66
33
1
71
30
100
11
48
92
35
4
2
7
100
58
22
71
68
31
85
24
78
78
47
37
96
85
69
88
67
45
34
33
65
86
9
9
47
51
85
93
55
47
25
87
28
33
71
62
31
16
69
51
6
44
69
45
97
49
72
16
15
71
95
61
24
54
45
88
3
81
20
85
64
93
23
31
27
45
93
70
36
97
100
68
25
55
41
53
19
47
11
9
47
31
36
22
34
32
1
10
50
39
56
8
15
6
79
85
71
58
55
37
70
89
77
77
77
55
84
83
85
80
73
16
46
50
74
11
88
79
13
38
90
89
30
88
40
9
91
56
68
53
37
52
1
82
80
68
58
64
6
37
7
94
75
21
15
96
16
100
56
15
3
100
39
15
51
41
85
10
54
7
47
46
43
19
54
5
86
7
26
68
77
19
43
35
10
100
2
48
76
48
44
51
72
33
72
65
77
78
72
74
6
22
60
51
12
13
60
40
73
75
12
67
79
65
35
23
73
72
80
91
45
35
38
89
33
82
23
58
74
49
80
74
100
47
18
58
85
14
24
78
78
17
96
92
83
33
37
97
10
61
21
78
28
96
12
31
59
22
41
16
41
97
88
45
45
81
61
11
83
74
78
95
61
56
60
68
27
72
35
39
69
32
13
36
52
50
46
28
35
11
78
78
69
65
56
12
72
42
88
35
24
60
18
62
18
44
21
19
90
36
48
87
44
3
23
46
21
89
14
97
89
52
67
60
57
78
10
29
38
28
91
68
82
28
7
23
75
24
41
23
3
15
60
86
71
96
2
80
89
41
80
3
68
100
93
67
24
2
41
98
39
78
4
100
43
67
69
55
67
29
42
7
19
79
48
66
12
42
46
39
27
48
100
44
53
92
48
81
27
31
55
51
56
66
52
29
43
84
33
85
44
78
16
66
50
6
99
16
94
29
62
8
70
47
27
64
45
30
5
25
46
60
96
33
54
14
96
62
39
26
34
27
21
40
60
67
59
83
87
10
24
54
88
77
41
47
92
36
44
31
89
20
26
4
18
69
63
85
60
37
20
4
55
64
53
95
58
94
66
87
100
3
50
9
98
23
74
54
72
31
29
81
47
73
74
6
19
63
41
48
71
61
12
3
81
11
53
100
62
89
59
71
56
61
22
43
74
36
10
79
29
52
40
51
89
60
69
84
36
79
1
49
25
86
50
66
89
19
19
5
79
87
60
53
82
53
7
21
4
88
32
11
17
71
29
23
33
73
16
55
54
63
93
52
20
12
66
26
2
6
37
70
1
86
69
52
23
67
34
50
2
53
76
86
43
50
48
94
61
82
66
90
14
57
50
44
8
6
50
91
14
77
62
96
49
52
73
54
16
66
98
6
71
31
25
31
53
45
74
98
90
42
29
58
65
8
40
36
71
66
36
17
85
7
54
60
49
94
99
6
65
27
96
45
40
100
58
54
57
61
76
9
82
71
42
29
52
32
78
39
60
98
72
28
74
71
44
28
13
36
79
21
57
88
40
96
28
78
42
61
81
65
74
47
59
48
30
20
27
21
61
85
48
72
40
32
69
3
55
92
88
30
49
44
48
99
66
32
29
55
91
87
64
64
11
34
74
61
46
3
39
62
72
16
86
31
38
86
31
61
96
63
33
7
10
77
77
38
96
78
79
13
53
80
38
17
51
27
93
82
34
45
11
72
65
23
17
64
52
10
71
38
88
35
69
17
49
59
93
66
52
69
62
37
24
47
85
14
21
67
49
100
40
16
38
32
49
44
56
47
81
66
17
30
36
17
4
43
58
95
30
31
53
87
49
81
80
61
79
58
71
91
27
70
84
77
55
18
46
3
12
100
94
50